  0.00152939 1.05754
 0.120667 1.06863
 0.159734 1.01146
 0.151429 0.933484
 0.132502 0.971908
 0.116054 0.733282
 -0.0173456 0.926843
 0.197659 0.841576
 0.121343 0.824951
 0.332805 0.766837
 0.15734 0.938583
 0.388152 0.901497
 0.330751 0.738839
 0.0539309 0.635074
 0.29213 0.758555
 0.141869 0.603807
 0.38379 0.649109
 0.266093 0.560539
 0.447487 0.642372
 0.41521 0.600665
 0.389892 0.553189
 0.369932 0.556973
 0.448822 0.297337
 0.257821 0.46781
 0.287353 0.470343
 0.281246 0.358428
 0.502974 0.569651
 0.525444 0.468144
 0.442256 0.628552
 0.36513 0.134392
 0.441222 0.327755
 0.483292 0.320524
 0.583241 0.322759
 0.452361 0.228535
 0.472949 0.262131
 0.508822 0.169186
 0.607141 0.234529
 0.476136 0.225051
 0.417449 0.0488918
 0.355149 0.201058
 0.249138 0.0882732
 0.534697 0.116417
 0.391398 0.128103
 0.514564 0.237559
 0.405695 0.0726663
 0.579872 -0.0360994
 0.262873 -0.0289759
 0.519736 -0.0632401
 0.41075 0.0847534
 0.326292 -0.0105931
 0.452179 0.0326235
 0.337749 -0.355647
 0.454643 -0.0863536
 0.439792 -0.261159
 0.352692 -0.200197
 0.388189 -0.194724
 0.218249 -0.281367
 0.293263 -0.341377
 0.468498 -0.074656
 0.450318 -0.363906
 0.183143 -0.571924
 0.274329 -0.318897
 0.291394 -0.348337
 0.388479 -0.446552
 0.313815 -0.373658
 0.463636 -0.446078
 0.395991 -0.27708
 0.197772 -0.432293
 0.412977 -0.493154
 0.399851 -0.432612
 0.26402 -0.383821
 0.302962 -0.507571
 0.312494 -0.391042
 0.362959 -0.637573
 0.205642 -0.414423
 0.18914 -0.835985
 0.266914 -0.556255
 0.242814 -0.716648
 0.197402 -0.545564
 0.093971 -0.613193
 0.285899 -0.570294
 0.28301 -0.696945
 0.24035 -0.610187
 0.0857703 -0.905367
 0.317076 -0.537788
 0.244703 -0.834788
 0.033731 -0.72135
 -0.0397259 -0.659796
 0.078818 -0.761892
 -0.00502438 -0.693675
 -0.00834342 -0.98277
 -0.0165157 -1.00696
 -0.0306001 -0.904025
 0.0376646 -0.832018
 -0.0941941 -0.851726
 -0.0416652 -1.03606
 0.115079 -0.972463
 -0.088242 -1.01895
 -0.233142 -0.967296
 -0.0443139 -1.01018 
