  0.0225127 0.970321
 0.0409742 0.941627
 0.057488 0.92037
 0.0911434 0.895342
 0.105878 0.869507
 0.115217 0.867768
 0.140055 0.85486
 0.160881 0.834513
 0.164096 0.820637
 0.176499 0.802936
 0.186989 0.799832
 0.20885 0.784199
 0.209947 0.768253
 0.229663 0.746227
 0.264777 0.72438
 0.268738 0.678072
 0.287777 0.664472
 0.303232 0.639536
 0.319158 0.609686
 0.333571 0.594225
 0.354744 0.574978
 0.376724 0.55248
 0.385996 0.523558
 0.40807 0.50738
 0.415531 0.492472
 0.421285 0.461648
 0.422239 0.451722
 0.431163 0.414954
 0.449595 0.370226
 0.455452 0.345438
 0.444348 0.314371
 0.472221 0.279537
 0.467646 0.256972
 0.465014 0.229221
 0.451171 0.210189
 0.450105 0.190134
 0.452401 0.17632
 0.446882 0.145678
 0.451254 0.149817
 0.46656 0.135727
 0.474259 0.103555
 0.466011 0.0977785
 0.447316 0.0727725
 0.436973 0.0338667
 0.441578 0.00675216
 0.431812 -0.0154732
 0.430746 -0.0221286
 0.414348 -0.0381825
 0.418384 -0.0468052
 0.432663 -0.0798124
 0.429854 -0.0915633
 0.42258 -0.112188
 0.401232 -0.144686
 0.388098 -0.166532
 0.387984 -0.185262
 0.39487 -0.19617
 0.387724 -0.210769
 0.371657 -0.225236
 0.382723 -0.241319
 0.379553 -0.254473
 0.371884 -0.264653
 0.369957 -0.303599
 0.367198 -0.314345
 0.356298 -0.336879
 0.342957 -0.350283
 0.336741 -0.375995
 0.336856 -0.392236
 0.329611 -0.419993
 0.314089 -0.439208
 0.308821 -0.453074
 0.300645 -0.477526
 0.286146 -0.47074
 0.272724 -0.478432
 0.270681 -0.501721
 0.264974 -0.526758
 0.261837 -0.536004
 0.252057 -0.564274
 0.240696 -0.58371
 0.233109 -0.603513
 0.197971 -0.62159
 0.188619 -0.645418
 0.183639 -0.654771
 0.173538 -0.677996
 0.149737 -0.713704
 0.121196 -0.74156
 0.10114 -0.757203
 0.0759202 -0.787972
 0.0695342 -0.808299
 0.0581994 -0.826542
 0.0240871 -0.84364
 0.011589 -0.858741
 -0.021016 -0.884941
 -0.0317133 -0.910538
 -0.0534811 -0.92505
 -0.0720531 -0.939521
 -0.0843744 -0.964373
 -0.108617 -0.97624
 -0.128641 -0.998541
 -0.134459 -1.026
 -0.15391 -1.04475 
