  0 1
 0.0219913 0.981757
 0.0450523 0.963252
 0.0675614 0.942978
 0.0885866 0.925263
 0.10717 0.896293
 0.116861 0.878837
 0.138455 0.857956
 0.153178 0.836913
 0.181693 0.814031
 0.1956 0.804916
 0.226599 0.795252
 0.249624 0.772803
 0.246251 0.741457
 0.26405 0.724873
 0.265667 0.695018
 0.288779 0.673484
 0.298241 0.644841
 0.323846 0.627492
 0.343667 0.607488
 0.35873 0.584601
 0.370314 0.563891
 0.38593 0.521517
 0.382948 0.497233
 0.3828 0.475715
 0.380917 0.44567
 0.40184 0.440138
 0.422028 0.425616
 0.433537 0.426709
 0.432398 0.38039
 0.439847 0.357322
 0.450338 0.336043
 0.469244 0.317745
 0.472778 0.291008
 0.47798 0.270121
 0.485144 0.242684
 0.501374 0.224799
 0.503179 0.206462
 0.497486 0.172682
 0.487309 0.156021
 0.46678 0.129451
 0.475722 0.110666
 0.469916 0.0934732
 0.477303 0.089369
 0.472046 0.0690568
 0.48296 0.041901
 0.462076 0.015205
 0.46741 -0.00984009
 0.462747 -0.0194716
 0.44949 -0.0378953
 0.449835 -0.049296
 0.435705 -0.0973523
 0.436034 -0.11424
 0.433252 -0.146205
 0.422556 -0.170084
 0.41613 -0.190787
 0.39301 -0.219121
 0.378566 -0.249614
 0.384382 -0.250347
 0.385416 -0.278602
 0.35856 -0.326154
 0.344779 -0.344235
 0.333548 -0.363125
 0.33174 -0.388601
 0.323287 -0.405379
 0.329312 -0.426076
 0.329476 -0.429435
 0.309167 -0.44886
 0.310854 -0.4702
 0.311424 -0.48391
 0.299132 -0.492861
 0.290639 -0.512244
 0.28469 -0.518601
 0.282019 -0.547218
 0.266068 -0.553308
 0.246419 -0.598739
 0.238105 -0.612546
 0.226773 -0.640365
 0.213346 -0.649636
 0.190581 -0.665198
 0.188724 -0.673394
 0.185611 -0.692813
 0.17924 -0.702513
 0.155979 -0.740501
 0.160018 -0.737917
 0.15419 -0.764349
 0.129303 -0.77928
 0.100115 -0.787379
 0.0842197 -0.803119
 0.0622056 -0.811486
 0.039453 -0.846272
 0.0175672 -0.879925
 -0.00301251 -0.900573
 -0.0146138 -0.911689
 -0.0380798 -0.92464
 -0.0559138 -0.953169
 -0.0566532 -0.971485
 -0.0774886 -0.994189
 -0.110059 -1.0109
 -0.121815 -1.02821 
